/OC /MC0 BDC 
0.902 0.902 0.902 rg
/GS0 gs
0 1423.018 841.89 21.12 re
f
0 1058.14 841.89 33.454 re
f
q
0 1444.138 841.89 -1444.138 re
W n
0.012 0.643 0.318 rg
q 1 0 0 1 668.1085 1220.6714 cm
0 0 m
0 -7.767 -6.297 -14.064 -14.064 -14.064 c
-40.882 -14.064 l
-48.65 -14.064 -54.946 -7.767 -54.946 0 c
-54.946 7.768 -48.65 14.064 -40.882 14.064 c
-14.064 14.064 l
-6.297 14.064 0 7.768 0 0 c
f
Q
0.639 0.639 0.639 RG
q 1 0 0 1 204.5364 1215.9213 cm
0 0 m
0 -36.313 -29.437 -65.75 -65.75 -65.75 c
-102.063 -65.75 -131.5 -36.313 -131.5 0 c
-131.5 36.313 -102.063 65.75 -65.75 65.75 c
-29.437 65.75 0 36.313 0 0 c
h
S
Q
Q
q
73.037 1215.922 m
73.037 1179.608 102.474 1150.171 138.786 1150.171 c
138.786 1150.171 l
175.1 1150.171 204.537 1179.608 204.537 1215.922 c
204.537 1215.922 l
204.537 1252.234 175.1 1281.671 138.786 1281.671 c
138.786 1281.671 l
102.474 1281.671 73.037 1252.234 73.037 1215.922 c
W n
0.639 0.639 0.639 rg
q 1 0 0 1 121.702 1202.3839 cm
0 0 m
3.595 -7.658 7.156 -15.243 10.717 -22.828 c
12.261 -19.255 15.154 -16.071 12.823 -11.923 c
12.244 -10.894 11.875 -9.744 11.437 -8.638 c
10.683 -6.733 11.356 -5.355 13.326 -5.159 c
15.776 -4.915 18.283 -4.92 20.736 -5.142 c
22.674 -5.317 23.454 -6.62 22.727 -8.571 c
22.589 -8.942 22.485 -9.341 22.273 -9.668 c
19.363 -14.149 20.632 -18.438 23.165 -23.312 c
26.923 -15.33 30.504 -7.722 34.27 0.278 c
41.675 -5.742 50.493 -7.214 59.186 -9.169 c
66.586 -10.833 68.47 -16.875 69.329 -23.33 c
69.812 -26.955 69.722 -30.653 70.083 -34.299 c
70.502 -38.538 68.607 -41.657 65.02 -43.231 c
59.884 -45.484 54.6 -47.759 49.145 -48.86 c
25.803 -53.57 2.441 -53.506 -20.698 -47.464 c
-24.653 -46.432 -28.41 -44.414 -32.044 -42.455 c
-34.826 -40.955 -36.259 -38.306 -35.923 -34.977 c
-35.377 -29.569 -35.124 -24.107 -34.166 -18.772 c
-33.18 -13.28 -29.524 -10.117 -23.989 -8.839 c
-18.507 -7.572 -13.06 -6.063 -7.735 -4.255 c
-5.083 -3.354 -2.74 -1.544 0 0 c
f
Q
q 1 0 0 1 166.3019 1236.0905 cm
0 0 m
-0.267 -3.923 -0.762 -7.603 -3.838 -10.405 c
-4.517 -11.024 -4.8 -12.1 -5.204 -12.994 c
-7.764 -18.659 -11.011 -23.834 -15.886 -27.821 c
-23.433 -33.994 -31.819 -34.073 -39.074 -27.608 c
 